132064 132064 0.000000
132064 289383 0.119691
132064 186728 0.786292
132064 87858 0.563211
132064 60389 0.859822
132064 121609 0.613727
132064 285460 0.626804
132064 453236 0.899816
289383 132064 0.119691
289383 289383 0.000000
289383 186728 0.243895
289383 87858 0.863188
289383 60389 0.761557
289383 121609 0.586690
289383 285460 0.184215
289383 453236 0.410185
186728 132064 0.786292
186728 289383 0.243895
186728 186728 0.000000
186728 87858 0.979443
186728 60389 0.452961
186728 121609 0.651547
186728 285460 0.103669
186728 453236 0.115213
87858 132064 0.563211
87858 289383 0.863188
87858 186728 0.979443
87858 87858 0.000000
87858 60389 0.829806
87858 121609 0.607022
87858 285460 0.199041
87858 453236 0.612744
60389 132064 0.859822
60389 289383 0.761557
60389 186728 0.452961
60389 87858 0.829806
60389 60389 0.000000
60389 121609 0.308094
60389 285460 0.189857
60389 453236 0.403016
121609 132064 0.613727
121609 289383 0.586690
121609 186728 0.651547
121609 87858 0.607022
121609 60389 0.308094
121609 121609 0.000000
121609 285460 0.458998
121609 453236 0.240686
285460 132064 0.626804
285460 289383 0.184215
285460 186728 0.103669
285460 87858 0.199041
285460 60389 0.189857
285460 121609 0.458998
285460 285460 0.000000
285460 453236 0.670933
453236 132064 0.899816
453236 289383 0.410185
453236 186728 0.115213
453236 87858 0.612744
453236 60389 0.403016
453236 121609 0.240686
453236 285460 0.670933
453236 453236 0.000000
